2034
2062
2111
2199
2240
2265
2279
2331
2371
2464
2483
2614
2632
2656
2675
2757
2909
3002
3040
3080
3137
3156
3297
3361
3387
3408
3441
3664
3705
3880
3958
3997
4046
4070
4086
4217
4242
4347
4398
4428
4449
4486
4635
4750
5043
5094
5416
5525
7265
9328
10341
52392
72759
79884
116751
132183
133251
133757
133967
135623
181892
195670
223129
223671
224061
224137
224806
225000
225229
226644
226909
227041
227949
375935
376399
376550
377346
377464
378581
379610
421655
426394
427578
432813
443537
448015
448121
449416
450053
450334
450624
451108
451322
451538
452623
452713
453648
454663
454862
455142
456320
456893
457271
457444
457656
458844
459120
459200
466078
469450
471331
471754
507430
514847
539408
540686
541501
541777
542643
543419
544051
544259
552033
621572
623732
626263
652409
653273
653946
654097
655183
655426
657394
675647
700209
701120
701483
702182
725153
725357
726059
726514
726817
728267
729429
732061
732516
733481
734372
740297
748627
779954
852773
852816
937576
988360
988577
990121
992366
992483
996278
998023
998163
1002083
1007645
1012834
1061200
1062988
1080862
1094088
1096150
1099097
1101260
1101528
1102801
1105876
1109215
1150379
1151334
1152264
1178354
1187168
1196024
1196135
1199921
1200481
1204977
1244071
1244599
1272961
1273366
1274290
1274620
1275625
1275975
1276776
1278456
1279389
1280453
1281645
1283947
1284419
1284486
1322293
1328025
1329183
1364230
1431408
1545257
1545406
1545678
1594775
1600382
1602882
1607372
1623124
1623215
1624858
1624921
1626651
1626753
1628148
1629082
1651283
1652910
1653137
1697926
1718327
1742928
1743322
1763479
1766106
1767748
1770974
1804552
1813688
1819499
1819741
1820447
1820503
1821065
1821963
1857891
1948190
1948311
1948390
1948534
1948791
1949063
1949326
1949529
1949649
1949692
1949843
1949971
1950062
1950319
1950431
1950511
1950829
1950980
1951421
1951640
1951942
1953039
1953301
1953896
1954960
1956225
1957339
1958637
1964833
1965025
2021473
2024256
2089842
2092984
2117316
2156232
2186284
2192420
2207326
2290594
2357530
2393309
2393429
2393558
2393752
2394096
2394930
2395223
2395297
2395532
2395881
2396085
2396650
2397178
2397899
2398739
2400709
2401976
2402561
2402650
2404327
2404888
2404979
2405181
2431310
2457052
2461951
2462401
2463710
2463877
2465005
2465349
2465779
2468240
2468461
2470172
2470651
2547620
2547767
2548511
2548676
2549965
2550451
2550656
2551427
2557497
2568687
2572219
2604194
2610979
2611286
2611704
2612116
2623396
2768322
2770103
2770410
2770771
2772370
2772987
2773238
2773854
2775781
2815352
2860572
2868024
2869451
2869581
2873926
2874258
2876348
2966687
2969459
2969963
3001351
3007495
3011376
3026816
3068424
3098836
3108418
3188559
3190326
3190932
3191109
3214128
3231152
3256668
3257433
3370736
3372108
3372548
3374271
3375413
3376328
3422820
3431424
3439786
3462092
3464022
3464518
3464966
3465047
3465919
3467074
3468061
3468456
3468711
3469032
3469666
3470003
3470170
3473594
3474348
3492619
3492786
3495414
3512340
3515992
3534903
3535015
3555246
3555329
3556102
3556705
3556910
3557400
3558235
3558856
3559499
3559884
3560100
3560203
3560826
3561426
3561638
3563242
3578964
3582385
3589640
3600110
3600403
3600512
3600630
3603191
3605001
3650248
3677261
3678531
3679737
3680152
3680353
3680723
3681432
3682200
3688618
3739624
3742865
3766565
3766624
3766796
3768104
3768820
3768890
3769198
3769362
3770849
3771358
3772350
3774990
3782415
3822984
3824090
3824891
3825807
3855687
3855811
3859764
3860242
3862613
3862942
3864195
3864483
3896968
3897127
3897902
3921398
3921659
3922386
3929654
3939891
3940090
3950596
3951024
3951270
3954781
3955326
3955699
3956049
3956900
3962115
3996013
3997718
4004346
4021671
4023509
4024975
4028172
4029918
4032224
4057167
4092435
4184889
4197397
4198597
4198756
4199539
4273149
4275713
4283731
4306010
4317318
4323469
4392557
4394742
4399154
4421358
4426918
4428176
4458948
4506361
4506675
4638766
4642506
4656948
4657213
4663336
4667894
4688965
4689152
4689888
4690208
4690710
4690906
4691362
4692764
4692952
4693193
4693783
4694496
4695925
4697797
4715703
4715802
4718251
4718588
4720579
4746349
4754241
4755506
4755612
4755971
4756116
4757968
4758247
4758522
4758830
4760360
4761442
4763485
4764012
4764483
4767550
4768312
4771838
4824261
4827355
4887635
4895799
4899345
4920622
4937565
4967318
5011369
5066740
5082579
5151727
5153490
5155782
5192170
5192353
5193955
5201477
5272842
5274678
5275546
5275828
5297766
5308674
5341414
5404543
5405474
5406638
5407140
5407508
5407832
5408383
5408951
5409236
5411509
5414312
5414847
5427705
5429525
5455517
5458413
5478007
5479383
5479511
5480672
5482490
5500893
5518556
5525216
5553981
5555118
5556605
5558600
5560378
5590103
5591229
5599036
5599157
5601698
5633337
5633613
5633871
5634093
5634171
5634480
5634606
5634881
5635002
5635428
5635842
5637336
5639665
5644382
5645392
5711913
5712083
5713163
5714324
5723293
5723410
5774557
5775022
5780146
5785355
5880782
5967889
5972568
6020452
6020520
6044228
6060591
6096639
6098586
6099083
6111961
6127078
6127965
6129595
6150769
6168668
6196723
6220661
6247373
6248657
6249423
6250358
6250784
6252127
6252875
6256247
6256322
6257809
6260466
6261066
6261132
6262074
6263447
6302078
6331314
6331579
6332457
6334890
6337306
6341054
6356396
6356571
6367795
6379329
6415198
6417196
6418881
6420569
6422203
6425353
6456409
6458008
6458115
6459547
6459867
6460610
6461938
6464230
6508959
6511998
6517488
6520192
6562638
6564077
6606097
6611319
6643820
6644136
6644627
6644857
6647092
6709319
6709855
6742362
6769224
6770174
6772670
6773318
6792692
6828713
6881754
6882524
6882683
6884131
6885597
6888879
6892696
6892778
6908005
6909208
6909339
6909541
6909699
6910052
6910581
6911245
6915876
6940919
6949998
6950946
6953200
6955848
6956572
6992716
6993122
6993387
6994483
6994530
6997680
7016140
7042983
7053231
7088313
7093284
7095829
7096260
7098640
7100948
7138734
7139424
7141551
7165352
7179815
7219724
7219911
7220591
7237552
7238878
7239027
7239277
7240141
7240620
7240812
7241842
7243583
7249718
7285181
7289534
7289639
7307094
7333366
7346069
7356152
7361994
7362453
7363279
7364013
7364631
7365999
7366241
7366635
7367036
7403013
7405531
7405598
7405904
7406722
7409152
7410386
7411473
7411850
7412271
7413856
7414180
7414419
7426844
7427330
7429604
7430248
7430603
7432239
7445177
7447861
7447942
7448263
7448520
7448959
7449391
7450349
7451831
7452523
7453616
7454216
7454467
7454976
7455050
7455797
7456559
7458795
7458856
7461157
7461618
7462610
7513127
7513419
7514843
7516584
7598433
7600658
7603253
7605295
7606676
7644166
7645291
7647767
7650816
7673080
7673210
7678329
7690039
7690117
7691219
7691288
7692323
7692691
7692934
7693056
7693682
7815564
7847867
7867256
7871728
7917285
7919806
7924695
7929686
7932807
7942900
7947686
7958119
7959348
7960174
7962514
7963025
7965422
7969731
7994066
7995216
8004479
8008243
8031530
8035691
8036835
8036933
8089843
8110954
8111063
8115294
8120057
8123369
8143602
8156331
8156491
8156736
8173573
8175819
8184804
8184890
8185434
8185881
8186501
8186699
8187177
8188924
8189539
8196179
8218729
8223796
8228572
8229856
8230619
8231002
8235177
8235668
8235930
8238103
8238866
8243639
8244596
8244915
8245665
8246303
8248067
8249332
8256042
8279011
8279214
8279308
8281314
8281557
8281657
8286990
8326365
8386594
8425492
8433332
8450764
8490359
8500318
8520837
8531746
8544060
8544404
8544594
8544659
8545211
8545385
8546087
8546201
8547686
8549585
8592188
8608912
8615187
8631398
8631978
8632416
8633181
8633241
8633624
8633815
8634288
8634497
8635942
8636735
8637543
8640210
8649047
8665849
8667829
8668148
8668318
8669917
8670091
8673519
8674993
8675399
8677060
8689662
8701341
8701909
8702919
8703016
8704242
8705492
8706035
8706574
8734915
8736070
8736385
8736589
8739373
8739801
8741953
8742242
8743937
8745864
8745991
8746197
8747870
8750545
8757968
8786713
8796657
8797369
8836463
8841102
8841272
8842211
8842888
8844901
8845588
8849096
8849823
8851187
8851330
8852274
8853881
8855871
8907824
8929377
8931388
8964502
8965700
8965939
8966502
8966633
8967488
8981839
8992358
9012954
9014145
9014398
9038198
9102284
9104968
9107160
9152579
9155225
9183694
9189068
9204005
9204704
9209159
9265443
9267093
9353418
9362843
9363371
9363680
9365182
9365525
9367426
9371111
9398292
9398985
9409353
9442666
9459283
9468285
9469976
9474384
9479032
9498793
9499704
9501625
9501752
9503559
9535737
9536149
9536373
9538858
9539892
9541064
9541255
9541673
9542157
9542735
9542834
9543197
9543394
9543950
9544124
9544965
9545742
9545964
9546485
9546561
9547126
9547237
9547762
9548304
9549489
9575350
9575697
9576104
9576400
9576525
9576883
9577044
9577353
9578864
9581113
9582815
9583494
9584871
9589636
9598819
9609642
9609804
9630341
9650376
9652856
9663550
9698538
9701510
9731824
9748556
9749353
9751030
9752660
9753452
9755512
9755755
9805010
9818852
9821402
9822248
9839036
9844081
9844222
9847253
9847532
9848308
9849299
9904216
9910809
9923578
9924256
9924848
9927863
9928057
9968215
9969510
9971848
9972662
9976436
9979485
9980816
9981344
10022606
10049893
10052078
10062629
10063006
10064293
10108386
10111644
10150083
10154596
10156362
10217566
10218151
10218313
10218652
10218821
10218989
10219604
10220428
10221171
10223070
10225999
10254032
10270370
10274116
10274546
10276323
10283921
10285500
10285640
10287350
10288455
10290539
10290680
10291282
10293920
10294148
10294363
10296331
10296681
10297206
10297309
10299364
10299624
10300771
10320312
10323957
10326527
10330699
10336743
10356059
10360806
10361516
10362711
10370743
10372140
10373173
10374820
10406772
10409739
10411135
10413057
10457475
10466374
10480345
10520249
10521977
10522301
10522595
10523453
10562665
10573634
10578449
10579461
10582600
10585290
10587523
10588543
10588870
10616270
10637632
10637915
10638060
10641395
10671418
10680871
10699284
10778959
10779712
10785025
10786602
10808973
10817087
10819864
10823611
10827898
10828162
10830849
10883458
10884238
10885017
10885284
10885822
10887767
10888221
10891294
10957783
10959432
10959877
10961103
10962479
10987305
11004801
11009649
11018500
11018973
11020431
11021453
11090215
11109344
11112679
11112740
11112842
11112941
11113121
11113338
11113835
11115578
11145130
11147399
11203540
11204388
11206970
11207364
11207574
11243898
11249040
11249367
11253375
11255399
11256329
11256492
11257328
11258909
11259196
11259324
11259499
11262988
11263748
11263919
11264251
11264459
11265940
11266301
11266898
11277447
11277801
11278531
11279126
11279397
11279866
11281048
11282842
11283108
11313448
11322169
11326457
11327988
11328850
11330246
11331736
11331977
11332198
11332984
11333320
11333789
11334776
11341175
11349023
11351130
11351327
11355874
11357663
11360421
11434888
11435006
11436328
11438497
11439452
11443581
11444239
11445202
11452840
11453075
11453357
11454625
11455693
11456952
11457094
11457932
11458180
11465648
11466423
11468059
11629312
11660074
11670376
11673745
11674121
11676953
11691770
11701513
11703871
11755151
11756937
11767693
11768996
11803593
11806481
11807613
11809135
11810139
11810421
11814058
11851231
11858742
11895609
11896266
11896354
11897563
11899025
11957404
11959158
11960064
11971691
11985498
11998778
12014352
12048549
12059445
12060057
12066346
12066512
12165866
12179883
12180911
12226173
12236792
12237018
12237466
12251177
12253724
12253861
12255041
12271313
12275190
12275881
12276235
12278378
12278445
12279059
12300785
12301165
12302169
12302330
12304207
12312861
12313970
12320030
12321842
12329602
12330409
12346485
12349960
12350955
12351219
12353781
12354132
12354691
12381779
12414758
12414910
12415273
12460030
12477259
12477777
12479220
12479285
12482030
12482750
12484722
12505821
12508240
12509205
12510221
12511284
12511761
12512044
12512489
12526363
12526450
12530471
12531327
12534274
12534587
12535109
12536244
12537003
12537224
12591497
12591936
12593621
12596596
12607838
12639693
12639760
12675015
12677366
12677528
12686495
12686851
12687263
12687902
12688026
12688451
12690007
12690458
12691702
12691813
12692169
12692407
12693438
12693574
12695225
12701415
12704476
12714280
12717964
12733363
12734126
12734872
12743826
12745662
12755450
12761557
12763864
12764332
12764675
12765093
12766519
12766689
12767704
12768334
12769868
12771164
12773149
12841037
12845420
12856933
12860707
12898094
12911760
12946135
12950421
12957339
12981659
12988614
13002471
13045724
13056338
13056481
13064018
13065378
13070308
13071471
13071630
13072161
13072253
13072597
13072679
13072801
13072930
13073451
13074677
13075267
13075414
13097650
13099898
13101375
13102211
13111602
13111725
13111804
13113066
13113503
13113755
13113898
13114150
13114657
13115166
13118602
13134655
13136956
13140837
13153893
13155812
13158709
13177036
13183374
13183537
13191733
13193086
13197530
13197952
13198391
13198596
13198962
13199451
13199832
13200698
13201038
13201790
13219828
13220152
13220379
13220586
13224248
13224484
13231884
13235303
13247282
13262058
13265745
13267324
13267498
13267758
13268321
13268958
13269645
13270908
13272682
13272742
13273895
13274789
13276087
13293064
13299627
13303312
13325097
13325331
13330554
13331228
13343150
13343369
13361012
13361670
13363589
13364144
13367856
13370507
13405793
13406039
13489295
13495931
13496838
13497265
13497382
13498265
13554283
13561605
13561795
13623902
13626174
13627437
13627508
13629470
13629675
13631255
13631697
13632303
13633449
13635140
13635521
13635723
13636792
13638514
13638791
13639536
13640613
13643726
13644033
13655025
13655243
13660249
13661793
13684379
13687686
13693324
13711906
13719567
13719635
13719898
13720375
13722056
13723794
13724155
13767467
13782073
13798424
13799800
13814607
13814995
13815489
13816206
13817792
13820038
13852657
13858085
13858832
13858936
13870027
13881089
13882626
13882886
13883090
13883893
13884546
13885050
13903770
13908254
13908582
13909209
13910073
13911365
13912990
13913269
13914959
13917381
13919684
13933936
13935013
13936365
13959181
13990464
13995405
13999327
14005789
14016324
14016872
14028771
14055074
14055515
14062776
14062860
14063134
14073625
14076597
14111944
14114557
14118155
14121840
14123036
14127164
14128704
14128846
14128999
14129577
14135088
14135391
14136536
14136649
14136704
14142615
14171839
14177094
14187020
14204222
14206296
14210126
14212109
14212657
14213625
14214587
14214823
14220238
14220908
14228828
14234483
14235486
14236825
14250610
14252320
14252441
14254571
14254720
14255198
14255751
14256239
14257324
14257405
14257970
14285721
14291012
14294370
14294717
14295743
14295843
14296540
14298394
14299957
14302405
14305799
14306007
14311185
14312026
14312151
14315449
14336374
14337572
14337990
14339413
14341919
14345551
14346916
14348377
14348754
14349196
14351260
14382837
14385021
14386346
14386566
14388304
14388363
14388644
14406663
14409269
14409556
14409858
14410370
14439883
14440314
14441519
14441720
14442278
14442685
14442751
14443153
14443234
14443882
14444221
14445087
14500175
14502365
14503915
14590241
14590508
14595392
14601094
14631279
14639377
14639539
14650529
14705914
14706871
14708271
14708423
14709676
14710907
14711772
14712820
14731815
14747593
14768278
14768420
14819266
14819445
14854476
14855632
14856277
14857380
14857670
14867585
14879375
14897102
14899402
14906060
14907580
14907703
14909154
14929805
14929930
14931746
14932063
14932198
14932862
14933234
14933487
14934116
14935671
14956595
14957712
14978625
14978812
14979107
14979289
14979397
14979660
14979724
14980255
14980352
14980400
14980902
14981372
14981514
14981577
14982288
14982619
14982935
14985229
15025772
15027020
15065502
15093575
15104203
15131598
15133108
15134512
15134578
15135309
15135442
15138089
15151015
15157220
15157497
15161691
15161984
15169281
15202214
15255849
15260031
15270960
15281999
15310742
15311702
15311890
15313068
15330492
15332040
15386511
15387010
15424024
15462318
15464442
15529106
15545493
15553512
15562233
15564747
15564888
15565318
15565450
15569665
15570458
15582431
15583096
15590599
15610649
15632438
15632649
15635108
15635587
15636401
15636951
15637817
15642275
15645605
15650060
15654274
15656916
15692070
15702122
15704680
15704747
15705737
15707070
15725360
15735831
15744211
15746131
15746588
15747146
15747429
15748230
15748358
15748576
15750102
15750916
15753074
15754125
15754342
15754680
15754895
15754966
15755985
15756673
15757979
15761310
15762018
15819475
15824128
15827645
15836665
15839461
15908206
15908300
15931723
15947587
15973614
16005765
16044235
16045372
16046823
16052481
16094381
16116968
16137242
16138649
16139164
16139793
16142686
16142859
16179571
16183950
16184234
16187526
16187827
16195241
16209897
16213881
16214123
16214749
16216601
16216932
16219483
16222870
16228458
16257248
16258649
16258946
16259464
16259684
16294331
16295330
16295496
16296192
16304898
16305292
16305488
16310771
16318703
16335550
16338054
16338840
16339884
16418162
16419649
16420210
16422631
16428588
16432982
16433571
16434178
16435920
16438504
16476842
16479773
16481844
16488736
16488893
16489948
16490153
16490254
16490343
16490926
16491664
16492046
16492181
16492341
16492513
16492837
16492899
16493965
16494691
16495200
16517221
16540283
16540639
16540761
16541396
16544058
16544532
16545640
16560723
16560894
16591944
16607712
16610154
16610903
16616838
16643116
16652614
16655753
16662389
16667697
16668246
16671960
16676108
16676906
16677632
16678352
16679197
16680941
16681116
16681209
16681913
16703109
16703441
16704067
16704573
16704964
16707932
16740309
16745605
16751118
16773958
16775184
16779640
16781615
16783307
16784575
16785422
16817933
16819436
16820164
16821272
16849224
16855745
16857794
16857863
16858227
16859851
16861655
16874046
16879619
16881551
16881856
16884282
16898652
16905671
16906426
16908054
16911624
16913468
16915064
16915396
16915570
16915871
16916065
16916776
16916836
16916928
16923800
16926238
16927536
16929250
16930231
16931424
16957831
16957927
16969447
16995283
16999949
17001062
17003426
17007423
17016936
17019176
17020805
17020906
17022070
17022208
17022677
17025744
17026339
17027037
17027770
17028956
17033387
17033887
17038114
17038181
17072830
17072913
17073243
17073787
17074629
17074913
17075449
17075568
17076671
17076926
17077358
17077432
17077535
17078100
17078200
17078915
17079593
17079933
17080179
17081632
17088414
17089502
17090427
17098016
17098332
17098545
17100705
17102944
17113411
17120784
17139424
17142856
17143706
17144955
17146520
17147659
17165255
17165792
17166223
17166312
17166917
17167449
17168325
17168814
17170378
17172577
17186663
17214581
17219846
17220294
17220474
17240112
17240736
17241049
17241545
17241918
17242325
17243026
17243737
17245682
17245798
17247955
17248305
17249230
17263538
17266084
17269204
17269470
17269635
17270737
17313950
17353141
17381092
17424446
17434469
17439975
17441454
17441998
17443647
17443708
17443824
17445170
17445421
17446076
17447209
17447903
17448045
17448160
17450245
17450465
17511113
17512358
17516996
17517348
17518652
17520985
17521230
17532435
17576231
17581659
17608817
17628266
17641922
17642447
17648483
17663070
17663305
17663419
17664832
17665010
17665857
17666901
17667969
17668355
17668429
17671746
17673428
17701385
17714513
17714785
17714997
17720089
17720355
17720695
17722918
17725494
17728687
17734616
17734799
17749458
17758793
17770665
17780207
17783517
17817255
17817674
17821031
17821208
17821602
17825116
17828711
17830013
17830185
17832118
17834700
17850896
17851603
17851748
17851925
17852062
17853159
17854426
17859036
17859637
17860565
17863179
17864858
17878390
17903268
17977823
18007942
18022589
18022768
18023272
18023636
18023752
18027305
18032952
18037366
18052443
18056114
18058708
18113539
18155141
18180122
18180270
18180736
18181324
18181494
18183510
18183894
18184050
18186207
18189199
18189494
18190865
18191072
18192359
18192539
18247507
18249737
18251485
18253084
18253226
18253556
18256740
18261231
18275430
18275639
18322044
18323841
18325133
18340717
18342710
18342949
18343370
18344263
18344676
18344972
18345593
18386642
18391967
18395655
18396574
18399256
18401141
18406712
18414261
18449897
18450082
18452042
18453725
18454127
18454761
18456246
18456781
18456903
18457205
18466531
18486131
18486617
18487749
18488127
18490559
18493311
18531040
18531438
18533946
18534478
18551754
18552219
18552410
18589004
18592535
18592767
18594065
18598991
18614379
18640057
18649063
18679752
18739944
18771101
18801070
18847062
18853784
18858411
18860498
18860690
18861103
18861631
18862466
18862989
18879254
18885978
18911994
18929732
18929807
18930257
18930406
18930668
18931000
18931196
18933860
18937629
18954328
18962752
18963047
18963677
18963885
18964128
18964429
18965782
18966949
18967747
18968163
18969355
18970148
18970280
18971662
18971943
18974345
18976089
19014807
19027779
19029213
19031866
19032534
19032747
19055711
19057290
19059009
19088183
19089113
19089878
19090244
19091937
19092159
19092724
19093857
19094743
19096885
19097106
19137469
19174933
19176883
19178862
19179773
19180885
19181189
19198669
19201365
19204491
19206555
19212373
19218919
19219014
19222974
19227989
19228423
19231003
19235423
19235673
19245431
19247746
19253133
19254634
19255422
19287006
19323312
19323672
19323951
19329353
19329801
19366782
19367863
19368128
19414063
19419785
19427487
19427705
19429885
19431407
19442742
19460874
19464849
19469927
19470835
19471163
19518102
19522291
19525579
19531806
19534125
19535527
19539552
19543082
19547469
19550044
19550191
19551309
19551439
19551498
19552067
19553382
19553567
19553888
19555667
19555840
19556010
19557172
19559274
19577152
19577429
19577659
19588863
19589876
19590138
19621559
19622717
19623016
19623338
19623673
19624195
19625007
19625608
19626343
19626774
19627691
19627849
19628156
19628963
19629990
19630378
19661267
19661356
19661483
19670326
19670708
19681604
19689815
19692531
19692799
19693652
19694269
19698197
19700883
19703060
19703499
19780105
19784056
19785914
19786331
19789358
19790287
19794481
19799059
19799238
19802955
19817404
19825774
19870789
19872446
19872555
19915209
19934635
19935688
19937293
19938239
19938875
19939459
19968041
19969738
19973766
19996962
19997344
19997622
19998400
19998900
19999728
19999918
20001395
20028252
20031411
20057894
20061644
20063334
20072860
20074625
20075084
20076632
20077324
20077949
20078059
20082738
20086398
20092255
20094145
20114300
20114370
20117665
20119075
20119411
20120160
20125163
20125524
20138394
20140983
20142342
20143190
20145074
20145385
20147453
20149527
20151990
20152419
20153228
20155250
20155695
20161813
20171913
20186534
20195437
20202312
20202612
20202874
20203122
20221445
20221514
20221577
20221699
20226585
20227543
20227953
20240150
20241341
20242497
20242879
20243099
20244044
20262254
20262549
20262663
20262950
20300049
20309418
20312119
20312429
20314400
20335389
20342461
20357929
20358358
20358748
20361111
20425781
20425926
20426412
20427454
20435046
20450743
20460028
20463048
20494600
20495650
20502978
20505461
20540958
20543124
20545250
20552620
20563006
20581587
20585515
20585907
20594719
20595021
20600292
20613624
20618987
20640713
20666448
20674437
20681672
20704104
20705664
20734221
20744610
20753606
20753643
20791163
20793177
20794435
20797976
20801723
20821275
20850590
20868235
20871094
20875195
20899760
20901069
20901913
20903631
20911268
20916879
20922188
20942168
20945294
20946186
20949636
20949783
20951382
20956200
20963925
20968186
20970157
20971037
20971563
20972436
20972890
20975082
20976474
20977095
20978331
20978515
21010470
21042493
21062879
21065379
21068286
21069552
21070082
21071517
21071664
21071854
21073726
21073800
21080090
21080982
21094059
21113417
21125440
21125883
21126640
21128766
21129544
21131625
21132131
21159709
21165655
21169579
21173873
21192865
21200528
21202736
21203113
21206196
21223386
21224621
21226255
21229471
21233722
21238520
21239101
21239554
21240016
21240281
21240527
21240949
21241122
21241316
21241586
21242353
21242705
21243069
21243311
21243867
21243974
21244979
21245621
21247463
21249346
21249397
21250297
21253130
21254186
21254640
21255066
21255443
21258956
21273477
21316349
21320283
21322250
21323100
21323246
21323360
21323594
21324537
21324690
21326969
21332458
21334047
21336905
21338096
21340272
21346846
21348361
21349870
21358493
21378851
21391251
21399983
21406711
21421076
21431038
21440225
21442338
21446933
21448587
21457792
21466897
21472829
21477138
21482608
21483186
21486335
21486420
21486765
21487176
21487294
21487458
21490394
21493520
21494048
21494286
21495567
21496023
21500211
21506939
21507211
21507267
21507477
21508365
21508540
21508904
21509631
21509738
21511481
21512239
21551160
21552286
21564261
21568819
21574800
21628783
21630475
21636355
21650752
21650915
21651081
21651464
21651972
21652486
21652784
21653203
21659255
21662374
21674772
21676545
21683757
21704499
21713430
21718344
21718563
21737877
21739890
21740203
21741164
21741572
21741905
21742929
21743037
21763205
21790777
21796149
21812119
21815171
21816098
21818711
21818999
21877361
21877802
21893717
21902874
21907472
21923358
21924235
21930648
21945787
21948424
21948812
21949022
21949244
21949416
21949799
21950693
21951678
21952113
21952714
21953653
21953812
21955770
21957617
21973928
21976032
21976563
21977042
21977102
21977978
21978505
21979037
21979356
21979878
21980518
21985488
22017269
22017752
22019206
22019497
22020503
22020826
22023981
22025393
22026465
22026805
22027775
22035834
22109496
22109820
22119063
22124326
22134225
22138836
22141152
22143456
22151587
22176203
22178032
22182945
22183108
22185727
22190057
22191462
22192633
22194851
22201994
22202153
22210520
22212730
22213916
22214804
22215025
22215723
22216010
22216344
22217340
22217507
22217878
22218050
22218421
22219936
22220535
22221285
22222337
22222596
22235996
22238901
22241763
22241816
22241914
22242173
22242858
22243173
22243649
22244254
22244423
22244599
22245033
22245496
22246450
22247968
22248478
22250451
22250727
22250792
22252030
22252788
22253003
22253763
22253878
22255421
22258548
22258834
22297907
22298657
22303422
22309277
22313466
22315779
22316152
22318357
22320258
22324060
22329012
