(2034, 2)
(2062, 2)
(2111, 1)
(2199, 1)
(2240, 2)
(2265, 1)
(2279, 1)
(2331, 2)
(2371, 1)
(2464, 1)
(2483, 1)
(2614, 1)
(2632, 1)
(2656, 1)
(2675, 1)
(2757, 2)
(2909, 2)
(3002, 1)
(3040, 1)
(3080, 2)
(3137, 2)
(3156, 1)
(3297, 2)
(3361, 1)
(3387, 2)
(3408, 2)
(3441, 1)
(3664, 1)
(3705, 1)
(3880, 2)
(3958, 1)
(3997, 1)
(4046, 2)
(4070, 2)
(4086, 1)
(4217, 2)
(4242, 2)
(4347, 2)
(4398, 2)
(4428, 2)
(4449, 2)
(4486, 1)
(4635, 2)
(4750, 2)
(5043, 2)
(5094, 2)
(5416, 2)
(5525, 2)
(7265, 2)
(9328, 2)
(10341, 1)
(52392, 1)
(72759, 1)
(79884, 1)
(116751, 1)
(132183, 1)
(133251, 1)
(133757, 1)
(133967, 1)
(135623, 1)
(181892, 1)
(195670, 1)
(223129, 1)
(223671, 1)
(224061, 1)
(224137, 1)
(224806, 1)
(225000, 1)
(225229, 1)
(226644, 1)
(226909, 1)
(227041, 1)
(227949, 1)
(375935, 1)
(376399, 1)
(376550, 1)
(377346, 1)
(377464, 1)
(378581, 1)
(379610, 1)
(421655, 1)
(426394, 1)
(427578, 1)
(432813, 1)
(443537, 1)
(448015, 1)
(448121, 1)
(449416, 1)
(450053, 1)
(450334, 1)
(450624, 1)
(451108, 1)
(451322, 1)
(451538, 1)
(452623, 1)
(452713, 1)
(453648, 1)
(454663, 1)
(454862, 1)
(455142, 1)
(456320, 1)
(456893, 1)
(457271, 1)
(457444, 1)
(457656, 1)
(458844, 1)
(459120, 1)
(459200, 1)
(466078, 1)
(469450, 1)
(471331, 1)
(471754, 1)
(507430, 1)
(514847, 1)
(539408, 1)
(540686, 1)
(541501, 1)
(541777, 1)
(542643, 1)
(543419, 1)
(544051, 1)
(544259, 1)
(552033, 1)
(621572, 1)
(623732, 1)
(626263, 1)
(652409, 1)
(653273, 1)
(653946, 1)
(654097, 1)
(655183, 1)
(655426, 1)
(657394, 2)
(675647, 1)
(700209, 1)
(701120, 1)
(701483, 1)
(702182, 1)
(725153, 1)
(725357, 1)
(726059, 1)
(726514, 1)
(726817, 1)
(728267, 1)
(729429, 1)
(732061, 1)
(732516, 1)
(733481, 2)
(734372, 1)
(740297, 1)
(748627, 1)
(779954, 1)
(852773, 1)
(852816, 1)
(937576, 1)
(988360, 1)
(988577, 1)
(990121, 1)
(992366, 1)
(992483, 1)
(996278, 1)
(998023, 1)
(998163, 1)
(1002083, 2)
(1007645, 1)
(1012834, 1)
(1061200, 1)
(1062988, 1)
(1080862, 1)
(1094088, 1)
(1096150, 1)
(1099097, 1)
(1101260, 1)
(1101528, 1)
(1102801, 1)
(1105876, 1)
(1109215, 1)
(1150379, 1)
(1151334, 1)
(1152264, 1)
(1178354, 2)
(1187168, 1)
(1196024, 1)
(1196135, 1)
(1199921, 1)
(1200481, 1)
(1204977, 1)
(1244071, 1)
(1244599, 1)
(1272961, 1)
(1273366, 1)
(1274290, 1)
(1274620, 1)
(1275625, 1)
(1275975, 1)
(1276776, 1)
(1278456, 1)
(1279389, 1)
(1280453, 1)
(1281645, 1)
(1283947, 1)
(1284419, 1)
(1284486, 1)
(1322293, 1)
(1328025, 1)
(1329183, 1)
(1364230, 1)
(1431408, 1)
(1545257, 1)
(1545406, 1)
(1545678, 1)
(1594775, 2)
(1600382, 1)
(1602882, 1)
(1607372, 2)
(1623124, 1)
(1623215, 1)
(1624858, 1)
(1624921, 1)
(1626651, 1)
(1626753, 1)
(1628148, 1)
(1629082, 1)
(1651283, 1)
(1652910, 1)
(1653137, 1)
(1697926, 1)
(1718327, 1)
(1742928, 1)
(1743322, 1)
(1763479, 1)
(1766106, 1)
(1767748, 1)
(1770974, 1)
(1804552, 2)
(1813688, 1)
(1819499, 1)
(1819741, 1)
(1820447, 1)
(1820503, 1)
(1821065, 1)
(1821963, 1)
(1857891, 2)
(1948190, 1)
(1948311, 1)
(1948390, 1)
(1948534, 1)
(1948791, 1)
(1949063, 1)
(1949326, 1)
(1949529, 1)
(1949649, 1)
(1949692, 1)
(1949843, 1)
(1949971, 1)
(1950062, 1)
(1950319, 1)
(1950431, 1)
(1950511, 1)
(1950829, 1)
(1950980, 1)
(1951421, 1)
(1951640, 1)
(1951942, 1)
(1953039, 1)
(1953301, 1)
(1953896, 1)
(1954960, 1)
(1956225, 1)
(1957339, 1)
(1958637, 1)
(1964833, 1)
(1965025, 1)
(2021473, 1)
(2024256, 2)
(2089842, 2)
(2092984, 1)
(2117316, 2)
(2156232, 2)
(2186284, 1)
(2192420, 2)
(2207326, 1)
(2290594, 1)
(2357530, 2)
(2393309, 1)
(2393429, 1)
(2393558, 1)
(2393752, 1)
(2394096, 1)
(2394930, 1)
(2395223, 1)
(2395297, 1)
(2395532, 1)
(2395881, 1)
(2396085, 1)
(2396650, 1)
(2397178, 1)
(2397899, 1)
(2398739, 1)
(2400709, 1)
(2401976, 1)
(2402561, 1)
(2402650, 1)
(2404327, 1)
(2404888, 1)
(2404979, 1)
(2405181, 1)
(2431310, 1)
(2457052, 1)
(2461951, 1)
(2462401, 1)
(2463710, 1)
(2463877, 1)
(2465005, 1)
(2465349, 1)
(2465779, 1)
(2468240, 1)
(2468461, 1)
(2470172, 1)
(2470651, 1)
(2547620, 1)
(2547767, 1)
(2548511, 1)
(2548676, 1)
(2549965, 1)
(2550451, 1)
(2550656, 1)
(2551427, 1)
(2557497, 1)
(2568687, 1)
(2572219, 1)
(2604194, 1)
(2610979, 1)
(2611286, 1)
(2611704, 1)
(2612116, 1)
(2623396, 1)
(2768322, 1)
(2770103, 1)
(2770410, 1)
(2770771, 1)
(2772370, 1)
(2772987, 1)
(2773238, 1)
(2773854, 1)
(2775781, 1)
(2815352, 1)
(2860572, 1)
(2868024, 1)
(2869451, 1)
(2869581, 1)
(2873926, 1)
(2874258, 1)
(2876348, 1)
(2966687, 1)
(2969459, 1)
(2969963, 1)
(3001351, 1)
(3007495, 1)
(3011376, 1)
(3026816, 1)
(3068424, 1)
(3098836, 1)
(3108418, 1)
(3188559, 1)
(3190326, 1)
(3190932, 1)
(3191109, 1)
(3214128, 1)
(3231152, 2)
(3256668, 1)
(3257433, 1)
(3370736, 1)
(3372108, 1)
(3372548, 1)
(3374271, 1)
(3375413, 1)
(3376328, 1)
(3422820, 2)
(3431424, 1)
(3439786, 1)
(3462092, 1)
(3464022, 1)
(3464518, 1)
(3464966, 1)
(3465047, 1)
(3465919, 1)
(3467074, 1)
(3468061, 1)
(3468456, 1)
(3468711, 1)
(3469032, 1)
(3469666, 1)
(3470003, 1)
(3470170, 1)
(3473594, 1)
(3474348, 1)
(3492619, 1)
(3492786, 1)
(3495414, 1)
(3512340, 1)
(3515992, 1)
(3534903, 1)
(3535015, 1)
(3555246, 1)
(3555329, 1)
(3556102, 1)
(3556705, 1)
(3556910, 1)
(3557400, 1)
(3558235, 1)
(3558856, 1)
(3559499, 1)
(3559884, 1)
(3560100, 1)
(3560203, 1)
(3560826, 1)
(3561426, 1)
(3561638, 1)
(3563242, 1)
(3578964, 1)
(3582385, 1)
(3589640, 1)
(3600110, 1)
(3600403, 1)
(3600512, 1)
(3600630, 1)
(3603191, 2)
(3605001, 1)
(3650248, 2)
(3677261, 1)
(3678531, 1)
(3679737, 1)
(3680152, 1)
(3680353, 1)
(3680723, 1)
(3681432, 1)
(3682200, 1)
(3688618, 1)
(3739624, 1)
(3742865, 1)
(3766565, 1)
(3766624, 1)
(3766796, 1)
(3768104, 1)
(3768820, 1)
(3768890, 1)
(3769198, 1)
(3769362, 1)
(3770849, 1)
(3771358, 1)
(3772350, 1)
(3774990, 1)
(3782415, 1)
(3822984, 1)
(3824090, 1)
(3824891, 1)
(3825807, 1)
(3855687, 1)
(3855811, 1)
(3859764, 1)
(3860242, 1)
(3862613, 1)
(3862942, 1)
(3864195, 1)
(3864483, 1)
(3896968, 1)
(3897127, 1)
(3897902, 1)
(3921398, 1)
(3921659, 1)
(3922386, 1)
(3929654, 1)
(3939891, 1)
(3940090, 1)
(3950596, 1)
(3951024, 1)
(3951270, 1)
(3954781, 1)
(3955326, 1)
(3955699, 1)
(3956049, 1)
(3956900, 1)
(3962115, 1)
(3996013, 1)
(3997718, 1)
(4004346, 2)
(4021671, 1)
(4023509, 1)
(4024975, 1)
(4028172, 1)
(4029918, 1)
(4032224, 1)
(4057167, 1)
(4092435, 1)
(4184889, 1)
(4197397, 2)
(4198597, 1)
(4198756, 1)
(4199539, 1)
(4273149, 1)
(4275713, 1)
(4283731, 2)
(4306010, 2)
(4317318, 1)
(4323469, 1)
(4392557, 1)
(4394742, 1)
(4399154, 1)
(4421358, 2)
(4426918, 1)
(4428176, 1)
(4458948, 1)
(4506361, 1)
(4506675, 1)
(4638766, 1)
(4642506, 1)
(4656948, 1)
(4657213, 1)
(4663336, 1)
(4667894, 1)
(4688965, 1)
(4689152, 1)
(4689888, 1)
(4690208, 1)
(4690710, 1)
(4690906, 1)
(4691362, 1)
(4692764, 1)
(4692952, 1)
(4693193, 1)
(4693783, 1)
(4694496, 1)
(4695925, 1)
(4697797, 1)
(4715703, 1)
(4715802, 1)
(4718251, 1)
(4718588, 1)
(4720579, 1)
(4746349, 1)
(4754241, 1)
(4755506, 1)
(4755612, 1)
(4755971, 1)
(4756116, 1)
(4757968, 1)
(4758247, 1)
(4758522, 1)
(4758830, 1)
(4760360, 1)
(4761442, 1)
(4763485, 1)
(4764012, 1)
(4764483, 1)
(4767550, 1)
(4768312, 1)
(4771838, 1)
(4824261, 1)
(4827355, 1)
(4887635, 2)
(4895799, 1)
(4899345, 1)
(4920622, 2)
(4937565, 2)
(4967318, 1)
(5011369, 1)
(5066740, 2)
(5082579, 1)
(5151727, 1)
(5153490, 1)
(5155782, 1)
(5192170, 1)
(5192353, 1)
(5193955, 1)
(5201477, 1)
(5272842, 1)
(5274678, 1)
(5275546, 1)
(5275828, 1)
(5297766, 1)
(5308674, 2)
(5341414, 1)
(5404543, 1)
(5405474, 1)
(5406638, 1)
(5407140, 1)
(5407508, 1)
(5407832, 1)
(5408383, 1)
(5408951, 1)
(5409236, 1)
(5411509, 1)
(5414312, 1)
(5414847, 1)
(5427705, 1)
(5429525, 1)
(5455517, 1)
(5458413, 1)
(5478007, 1)
(5479383, 1)
(5479511, 1)
(5480672, 1)
(5482490, 1)
(5500893, 1)
(5518556, 1)
(5525216, 1)
(5553981, 1)
(5555118, 1)
(5556605, 1)
(5558600, 1)
(5560378, 1)
(5590103, 2)
(5591229, 1)
(5599036, 1)
(5599157, 1)
(5601698, 1)
(5633337, 1)
(5633613, 1)
(5633871, 1)
(5634093, 1)
(5634171, 1)
(5634480, 1)
(5634606, 1)
(5634881, 1)
(5635002, 1)
(5635428, 1)
(5635842, 1)
(5637336, 1)
(5639665, 1)
(5644382, 1)
(5645392, 1)
(5711913, 1)
(5712083, 1)
(5713163, 1)
(5714324, 1)
(5723293, 1)
(5723410, 1)
(5774557, 1)
(5775022, 2)
(5780146, 1)
(5785355, 1)
(5880782, 1)
(5967889, 1)
(5972568, 1)
(6020452, 1)
(6020520, 1)
(6044228, 1)
(6060591, 1)
(6096639, 1)
(6098586, 1)
(6099083, 1)
(6111961, 1)
(6127078, 1)
(6127965, 1)
(6129595, 1)
(6150769, 2)
(6168668, 2)
(6196723, 1)
(6220661, 1)
(6247373, 1)
(6248657, 1)
(6249423, 1)
(6250358, 1)
(6250784, 1)
(6252127, 1)
(6252875, 1)
(6256247, 1)
(6256322, 1)
(6257809, 1)
(6260466, 1)
(6261066, 1)
(6261132, 1)
(6262074, 1)
(6263447, 1)
(6302078, 2)
(6331314, 1)
(6331579, 1)
(6332457, 1)
(6334890, 1)
(6337306, 1)
(6341054, 1)
(6356396, 1)
(6356571, 1)
(6367795, 1)
(6379329, 1)
(6415198, 1)
(6417196, 1)
(6418881, 1)
(6420569, 1)
(6422203, 1)
(6425353, 1)
(6456409, 1)
(6458008, 1)
(6458115, 1)
(6459547, 1)
(6459867, 1)
(6460610, 1)
(6461938, 1)
(6464230, 1)
(6508959, 1)
(6511998, 1)
(6517488, 1)
(6520192, 1)
(6562638, 1)
(6564077, 1)
(6606097, 1)
(6611319, 1)
(6643820, 1)
(6644136, 1)
(6644627, 1)
(6644857, 1)
(6647092, 1)
(6709319, 1)
(6709855, 1)
(6742362, 1)
(6769224, 1)
(6770174, 1)
(6772670, 1)
(6773318, 1)
(6792692, 1)
(6828713, 1)
(6881754, 1)
(6882524, 1)
(6882683, 1)
(6884131, 1)
(6885597, 1)
(6888879, 1)
(6892696, 1)
(6892778, 1)
(6908005, 1)
(6909208, 1)
(6909339, 1)
(6909541, 1)
(6909699, 1)
(6910052, 1)
(6910581, 1)
(6911245, 1)
(6915876, 1)
(6940919, 2)
(6949998, 1)
(6950946, 1)
(6953200, 1)
(6955848, 1)
(6956572, 2)
(6992716, 1)
(6993122, 1)
(6993387, 1)
(6994483, 1)
(6994530, 1)
(6997680, 1)
(7016140, 2)
(7042983, 1)
(7053231, 1)
(7088313, 1)
(7093284, 1)
(7095829, 1)
(7096260, 1)
(7098640, 1)
(7100948, 1)
(7138734, 1)
(7139424, 1)
(7141551, 1)
(7165352, 2)
(7179815, 1)
(7219724, 1)
(7219911, 1)
(7220591, 1)
(7237552, 1)
(7238878, 1)
(7239027, 1)
(7239277, 1)
(7240141, 1)
(7240620, 1)
(7240812, 1)
(7241842, 1)
(7243583, 1)
(7249718, 1)
(7285181, 1)
(7289534, 1)
(7289639, 1)
(7307094, 1)
(7333366, 2)
(7346069, 2)
(7356152, 1)
(7361994, 1)
(7362453, 1)
(7363279, 1)
(7364013, 1)
(7364631, 1)
(7365999, 1)
(7366241, 1)
(7366635, 1)
(7367036, 1)
(7403013, 1)
(7405531, 2)
(7405598, 1)
(7405904, 1)
(7406722, 1)
(7409152, 1)
(7410386, 1)
(7411473, 1)
(7411850, 1)
(7412271, 1)
(7413856, 1)
(7414180, 1)
(7414419, 1)
(7426844, 1)
(7427330, 1)
(7429604, 1)
(7430248, 1)
(7430603, 1)
(7432239, 1)
(7445177, 1)
(7447861, 1)
(7447942, 1)
(7448263, 1)
(7448520, 1)
(7448959, 1)
(7449391, 1)
(7450349, 1)
(7451831, 1)
(7452523, 1)
(7453616, 1)
(7454216, 1)
(7454467, 1)
(7454976, 1)
(7455050, 1)
(7455797, 1)
(7456559, 1)
(7458795, 1)
(7458856, 1)
(7461157, 1)
(7461618, 1)
(7462610, 1)
(7513127, 1)
(7513419, 1)
(7514843, 1)
(7516584, 1)
(7598433, 1)
(7600658, 1)
(7603253, 1)
(7605295, 1)
(7606676, 1)
(7644166, 1)
(7645291, 1)
(7647767, 1)
(7650816, 1)
(7673080, 1)
(7673210, 1)
(7678329, 1)
(7690039, 1)
(7690117, 1)
(7691219, 1)
(7691288, 1)
(7692323, 1)
(7692691, 1)
(7692934, 1)
(7693056, 1)
(7693682, 1)
(7815564, 1)
(7847867, 2)
(7867256, 1)
(7871728, 1)
(7917285, 2)
(7919806, 2)
(7924695, 2)
(7929686, 1)
(7932807, 2)
(7942900, 2)
(7947686, 2)
(7958119, 2)
(7959348, 1)
(7960174, 1)
(7962514, 1)
(7963025, 1)
(7965422, 1)
(7969731, 2)
(7994066, 1)
(7995216, 1)
(8004479, 1)
(8008243, 1)
(8031530, 1)
(8035691, 1)
(8036835, 1)
(8036933, 1)
(8089843, 1)
(8110954, 1)
(8111063, 1)
(8115294, 1)
(8120057, 1)
(8123369, 2)
(8143602, 2)
(8156331, 1)
(8156491, 1)
(8156736, 1)
(8173573, 2)
(8175819, 1)
(8184804, 1)
(8184890, 1)
(8185434, 1)
(8185881, 1)
(8186501, 1)
(8186699, 1)
(8187177, 1)
(8188924, 1)
(8189539, 1)
(8196179, 1)
(8218729, 1)
(8223796, 1)
(8228572, 1)
(8229856, 1)
(8230619, 1)
(8231002, 1)
(8235177, 1)
(8235668, 1)
(8235930, 1)
(8238103, 1)
(8238866, 1)
(8243639, 1)
(8244596, 1)
(8244915, 1)
(8245665, 1)
(8246303, 1)
(8248067, 1)
(8249332, 2)
(8256042, 1)
(8279011, 1)
(8279214, 1)
(8279308, 1)
(8281314, 1)
(8281557, 1)
(8281657, 1)
(8286990, 1)
(8326365, 1)
(8386594, 1)
(8425492, 1)
(8433332, 2)
(8450764, 2)
(8490359, 1)
(8500318, 1)
(8520837, 2)
(8531746, 1)
(8544060, 1)
(8544404, 1)
(8544594, 1)
(8544659, 1)
(8545211, 1)
(8545385, 1)
(8546087, 1)
(8546201, 1)
(8547686, 1)
(8549585, 1)
(8592188, 1)
(8608912, 1)
(8615187, 1)
(8631398, 1)
(8631978, 1)
(8632416, 1)
(8633181, 1)
(8633241, 1)
(8633624, 1)
(8633815, 1)
(8634288, 1)
(8634497, 1)
(8635942, 1)
(8636735, 1)
(8637543, 1)
(8640210, 1)
(8649047, 1)
(8665849, 1)
(8667829, 1)
(8668148, 1)
(8668318, 1)
(8669917, 1)
(8670091, 1)
(8673519, 1)
(8674993, 1)
(8675399, 1)
(8677060, 1)
(8689662, 1)
(8701341, 1)
(8701909, 1)
(8702919, 1)
(8703016, 1)
(8704242, 1)
(8705492, 1)
(8706035, 1)
(8706574, 1)
(8734915, 1)
(8736070, 1)
(8736385, 1)
(8736589, 1)
(8739373, 1)
(8739801, 1)
(8741953, 1)
(8742242, 1)
(8743937, 1)
(8745864, 1)
(8745991, 1)
(8746197, 1)
(8747870, 1)
(8750545, 1)
(8757968, 1)
(8786713, 1)
(8796657, 1)
(8797369, 1)
(8836463, 2)
(8841102, 1)
(8841272, 1)
(8842211, 1)
(8842888, 1)
(8844901, 1)
(8845588, 1)
(8849096, 1)
(8849823, 1)
(8851187, 1)
(8851330, 1)
(8852274, 1)
(8853881, 1)
(8855871, 1)
(8907824, 1)
(8929377, 1)
(8931388, 1)
(8964502, 1)
(8965700, 1)
(8965939, 1)
(8966502, 1)
(8966633, 1)
(8967488, 1)
(8981839, 1)
(8992358, 2)
(9012954, 1)
(9014145, 1)
(9014398, 1)
(9038198, 1)
(9102284, 1)
(9104968, 1)
(9107160, 1)
(9152579, 1)
(9155225, 1)
(9183694, 2)
(9189068, 1)
(9204005, 1)
(9204704, 1)
(9209159, 1)
(9265443, 1)
(9267093, 1)
(9353418, 2)
(9362843, 1)
(9363371, 1)
(9363680, 1)
(9365182, 1)
(9365525, 1)
(9367426, 1)
(9371111, 2)
(9398292, 1)
(9398985, 1)
(9409353, 1)
(9442666, 2)
(9459283, 1)
(9468285, 1)
(9469976, 1)
(9474384, 1)
(9479032, 1)
(9498793, 1)
(9499704, 1)
(9501625, 1)
(9501752, 1)
(9503559, 1)
(9535737, 1)
(9536149, 1)
(9536373, 1)
(9538858, 1)
(9539892, 1)
(9541064, 1)
(9541255, 1)
(9541673, 1)
(9542157, 1)
(9542735, 1)
(9542834, 1)
(9543197, 1)
(9543394, 1)
(9543950, 1)
(9544124, 1)
(9544965, 1)
(9545742, 1)
(9545964, 1)
(9546485, 1)
(9546561, 1)
(9547126, 1)
(9547237, 1)
(9547762, 1)
(9548304, 1)
(9549489, 1)
(9575350, 1)
(9575697, 1)
(9576104, 1)
(9576400, 1)
(9576525, 1)
(9576883, 1)
(9577044, 1)
(9577353, 1)
(9578864, 1)
(9581113, 1)
(9582815, 1)
(9583494, 1)
(9584871, 1)
(9589636, 1)
(9598819, 1)
(9609642, 1)
(9609804, 1)
(9630341, 1)
(9650376, 1)
(9652856, 1)
(9663550, 1)
(9698538, 1)
(9701510, 1)
(9731824, 1)
(9748556, 1)
(9749353, 1)
(9751030, 1)
(9752660, 1)
(9753452, 1)
(9755512, 1)
(9755755, 1)
(9805010, 2)
(9818852, 1)
(9821402, 1)
(9822248, 1)
(9839036, 2)
(9844081, 1)
(9844222, 1)
(9847253, 1)
(9847532, 1)
(9848308, 1)
(9849299, 1)
(9904216, 1)
(9910809, 1)
(9923578, 1)
(9924256, 1)
(9924848, 1)
(9927863, 1)
(9928057, 1)
(9968215, 1)
(9969510, 1)
(9971848, 1)
(9972662, 1)
(9976436, 1)
(9979485, 1)
(9980816, 1)
(9981344, 1)
(10022606, 1)
(10049893, 1)
(10052078, 1)
(10062629, 1)
(10063006, 1)
(10064293, 2)
(10108386, 1)
(10111644, 1)
(10150083, 1)
(10154596, 1)
(10156362, 1)
(10217566, 1)
(10218151, 1)
(10218313, 1)
(10218652, 1)
(10218821, 1)
(10218989, 1)
(10219604, 1)
(10220428, 1)
(10221171, 1)
(10223070, 1)
(10225999, 1)
(10254032, 1)
(10270370, 1)
(10274116, 1)
(10274546, 1)
(10276323, 1)
(10283921, 1)
(10285500, 1)
(10285640, 1)
(10287350, 1)
(10288455, 1)
(10290539, 1)
(10290680, 1)
(10291282, 1)
(10293920, 1)
(10294148, 1)
(10294363, 1)
(10296331, 1)
(10296681, 1)
(10297206, 1)
(10297309, 1)
(10299364, 1)
(10299624, 1)
(10300771, 1)
(10320312, 1)
(10323957, 1)
(10326527, 1)
(10330699, 1)
(10336743, 1)
(10356059, 1)
(10360806, 1)
(10361516, 1)
(10362711, 1)
(10370743, 1)
(10372140, 1)
(10373173, 1)
(10374820, 1)
(10406772, 1)
(10409739, 1)
(10411135, 1)
(10413057, 1)
(10457475, 1)
(10466374, 1)
(10480345, 1)
(10520249, 1)
(10521977, 1)
(10522301, 1)
(10522595, 1)
(10523453, 1)
(10562665, 1)
(10573634, 1)
(10578449, 2)
(10579461, 1)
(10582600, 1)
(10585290, 1)
(10587523, 2)
(10588543, 1)
(10588870, 1)
(10616270, 1)
(10637632, 1)
(10637915, 1)
(10638060, 1)
(10641395, 1)
(10671418, 2)
(10680871, 2)
(10699284, 1)
(10778959, 2)
(10779712, 1)
(10785025, 2)
(10786602, 1)
(10808973, 1)
(10817087, 1)
(10819864, 1)
(10823611, 1)
(10827898, 1)
(10828162, 1)
(10830849, 1)
(10883458, 1)
(10884238, 1)
(10885017, 1)
(10885284, 1)
(10885822, 1)
(10887767, 1)
(10888221, 1)
(10891294, 1)
(10957783, 1)
(10959432, 1)
(10959877, 1)
(10961103, 1)
(10962479, 1)
(10987305, 1)
(11004801, 1)
(11009649, 1)
(11018500, 1)
(11018973, 1)
(11020431, 1)
(11021453, 1)
(11090215, 2)
(11109344, 1)
(11112679, 1)
(11112740, 1)
(11112842, 1)
(11112941, 1)
(11113121, 1)
(11113338, 1)
(11113835, 1)
(11115578, 1)
(11145130, 1)
(11147399, 1)
(11203540, 1)
(11204388, 1)
(11206970, 1)
(11207364, 1)
(11207574, 1)
(11243898, 2)
(11249040, 2)
(11249367, 1)
(11253375, 1)
(11255399, 1)
(11256329, 2)
(11256492, 1)
(11257328, 1)
(11258909, 1)
(11259196, 1)
(11259324, 1)
(11259499, 1)
(11262988, 1)
(11263748, 1)
(11263919, 1)
(11264251, 1)
(11264459, 1)
(11265940, 1)
(11266301, 1)
(11266898, 1)
(11277447, 1)
(11277801, 1)
(11278531, 1)
(11279126, 1)
(11279397, 1)
(11279866, 1)
(11281048, 1)
(11282842, 1)
(11283108, 1)
(11313448, 1)
(11322169, 1)
(11326457, 1)
(11327988, 1)
(11328850, 1)
(11330246, 1)
(11331736, 1)
(11331977, 1)
(11332198, 1)
(11332984, 1)
(11333320, 1)
(11333789, 1)
(11334776, 1)
(11341175, 1)
(11349023, 1)
(11351130, 1)
(11351327, 1)
(11355874, 1)
(11357663, 1)
(11360421, 1)
(11434888, 1)
(11435006, 1)
(11436328, 1)
(11438497, 1)
(11439452, 1)
(11443581, 1)
(11444239, 1)
(11445202, 1)
(11452840, 1)
(11453075, 1)
(11453357, 1)
(11454625, 1)
(11455693, 1)
(11456952, 1)
(11457094, 1)
(11457932, 1)
(11458180, 1)
(11465648, 1)
(11466423, 1)
(11468059, 1)
(11629312, 1)
(11660074, 1)
(11670376, 1)
(11673745, 1)
(11674121, 1)
(11676953, 1)
(11691770, 1)
(11701513, 1)
(11703871, 1)
(11755151, 1)
(11756937, 1)
(11767693, 1)
(11768996, 1)
(11803593, 1)
(11806481, 1)
(11807613, 1)
(11809135, 1)
(11810139, 1)
(11810421, 1)
(11814058, 1)
(11851231, 1)
(11858742, 1)
(11895609, 1)
(11896266, 1)
(11896354, 1)
(11897563, 1)
(11899025, 1)
(11957404, 2)
(11959158, 1)
(11960064, 1)
(11971691, 1)
(11985498, 1)
(11998778, 1)
(12014352, 1)
(12048549, 2)
(12059445, 1)
(12060057, 1)
(12066346, 1)
(12066512, 1)
(12165866, 1)
(12179883, 1)
(12180911, 1)
(12226173, 2)
(12236792, 1)
(12237018, 1)
(12237466, 1)
(12251177, 1)
(12253724, 1)
(12253861, 1)
(12255041, 1)
(12271313, 1)
(12275190, 1)
(12275881, 1)
(12276235, 1)
(12278378, 1)
(12278445, 1)
(12279059, 1)
(12300785, 1)
(12301165, 1)
(12302169, 1)
(12302330, 1)
(12304207, 1)
(12312861, 1)
(12313970, 1)
(12320030, 2)
(12321842, 1)
(12329602, 2)
(12330409, 2)
(12346485, 2)
(12349960, 1)
(12350955, 1)
(12351219, 1)
(12353781, 1)
(12354132, 1)
(12354691, 1)
(12381779, 2)
(12414758, 1)
(12414910, 1)
(12415273, 2)
(12460030, 1)
(12477259, 1)
(12477777, 1)
(12479220, 1)
(12479285, 1)
(12482030, 1)
(12482750, 1)
(12484722, 1)
(12505821, 1)
(12508240, 1)
(12509205, 1)
(12510221, 1)
(12511284, 1)
(12511761, 1)
(12512044, 1)
(12512489, 1)
(12526363, 1)
(12526450, 1)
(12530471, 1)
(12531327, 1)
(12534274, 1)
(12534587, 1)
(12535109, 1)
(12536244, 1)
(12537003, 1)
(12537224, 1)
(12591497, 1)
(12591936, 1)
(12593621, 1)
(12596596, 2)
(12607838, 2)
(12639693, 1)
(12639760, 1)
(12675015, 1)
(12677366, 1)
(12677528, 1)
(12686495, 2)
(12686851, 1)
(12687263, 1)
(12687902, 1)
(12688026, 1)
(12688451, 1)
(12690007, 1)
(12690458, 1)
(12691702, 1)
(12691813, 1)
(12692169, 1)
(12692407, 1)
(12693438, 1)
(12693574, 1)
(12695225, 1)
(12701415, 1)
(12704476, 2)
(12714280, 1)
(12717964, 1)
(12733363, 1)
(12734126, 1)
(12734872, 1)
(12743826, 1)
(12745662, 1)
(12755450, 1)
(12761557, 1)
(12763864, 1)
(12764332, 1)
(12764675, 1)
(12765093, 1)
(12766519, 1)
(12766689, 1)
(12767704, 1)
(12768334, 2)
(12769868, 1)
(12771164, 2)
(12773149, 1)
(12841037, 2)
(12845420, 1)
(12856933, 1)
(12860707, 2)
(12898094, 1)
(12911760, 1)
(12946135, 2)
(12950421, 2)
(12957339, 1)
(12981659, 1)
(12988614, 1)
(13002471, 2)
(13045724, 1)
(13056338, 1)
(13056481, 1)
(13064018, 1)
(13065378, 1)
(13070308, 1)
(13071471, 1)
(13071630, 1)
(13072161, 1)
(13072253, 1)
(13072597, 1)
(13072679, 1)
(13072801, 1)
(13072930, 1)
(13073451, 1)
(13074677, 1)
(13075267, 1)
(13075414, 1)
(13097650, 1)
(13099898, 1)
(13101375, 1)
(13102211, 1)
(13111602, 1)
(13111725, 1)
(13111804, 1)
(13113066, 1)
(13113503, 1)
(13113755, 1)
(13113898, 1)
(13114150, 1)
(13114657, 1)
(13115166, 1)
(13118602, 1)
(13134655, 1)
(13136956, 1)
(13140837, 2)
(13153893, 1)
(13155812, 1)
(13158709, 1)
(13177036, 1)
(13183374, 1)
(13183537, 1)
(13191733, 1)
(13193086, 2)
(13197530, 1)
(13197952, 1)
(13198391, 1)
(13198596, 1)
(13198962, 1)
(13199451, 1)
(13199832, 1)
(13200698, 1)
(13201038, 1)
(13201790, 1)
(13219828, 2)
(13220152, 2)
(13220379, 2)
(13220586, 2)
(13224248, 1)
(13224484, 1)
(13231884, 2)
(13235303, 1)
(13247282, 1)
(13262058, 1)
(13265745, 1)
(13267324, 1)
(13267498, 1)
(13267758, 1)
(13268321, 1)
(13268958, 1)
(13269645, 1)
(13270908, 1)
(13272682, 1)
(13272742, 1)
(13273895, 1)
(13274789, 1)
(13276087, 1)
(13293064, 1)
(13299627, 1)
(13303312, 2)
(13325097, 1)
(13325331, 1)
(13330554, 1)
(13331228, 1)
(13343150, 1)
(13343369, 2)
(13361012, 1)
(13361670, 1)
(13363589, 1)
(13364144, 1)
(13367856, 1)
(13370507, 1)
(13405793, 2)
(13406039, 1)
(13489295, 1)
(13495931, 1)
(13496838, 1)
(13497265, 1)
(13497382, 1)
(13498265, 1)
(13554283, 1)
(13561605, 1)
(13561795, 1)
(13623902, 1)
(13626174, 1)
(13627437, 1)
(13627508, 1)
(13629470, 1)
(13629675, 1)
(13631255, 1)
(13631697, 1)
(13632303, 2)
(13633449, 1)
(13635140, 1)
(13635521, 2)
(13635723, 2)
(13636792, 1)
(13638514, 1)
(13638791, 2)
(13639536, 1)
(13640613, 1)
(13643726, 1)
(13644033, 1)
(13655025, 1)
(13655243, 1)
(13660249, 1)
(13661793, 1)
(13684379, 2)
(13687686, 2)
(13693324, 2)
(13711906, 2)
(13719567, 2)
(13719635, 1)
(13719898, 1)
(13720375, 1)
(13722056, 1)
(13723794, 1)
(13724155, 1)
(13767467, 2)
(13782073, 2)
(13798424, 1)
(13799800, 2)
(13814607, 1)
(13814995, 1)
(13815489, 1)
(13816206, 1)
(13817792, 1)
(13820038, 1)
(13852657, 1)
(13858085, 1)
(13858832, 1)
(13858936, 2)
(13870027, 2)
(13881089, 1)
(13882626, 1)
(13882886, 1)
(13883090, 1)
(13883893, 1)
(13884546, 1)
(13885050, 1)
(13903770, 1)
(13908254, 1)
(13908582, 1)
(13909209, 1)
(13910073, 1)
(13911365, 1)
(13912990, 1)
(13913269, 1)
(13914959, 1)
(13917381, 1)
(13919684, 1)
(13933936, 1)
(13935013, 1)
(13936365, 1)
(13959181, 1)
(13990464, 2)
(13995405, 2)
(13999327, 2)
(14005789, 2)
(14016324, 2)
(14016872, 1)
(14028771, 2)
(14055074, 1)
(14055515, 1)
(14062776, 1)
(14062860, 1)
(14063134, 1)
(14073625, 1)
(14076597, 2)
(14111944, 1)
(14114557, 1)
(14118155, 1)
(14121840, 2)
(14123036, 1)
(14127164, 1)
(14128704, 2)
(14128846, 1)
(14128999, 1)
(14129577, 1)
(14135088, 1)
(14135391, 1)
(14136536, 1)
(14136649, 1)
(14136704, 1)
(14142615, 2)
(14171839, 1)
(14177094, 1)
(14187020, 1)
(14204222, 1)
(14206296, 2)
(14210126, 1)
(14212109, 1)
(14212657, 1)
(14213625, 2)
(14214587, 1)
(14214823, 1)
(14220238, 1)
(14220908, 2)
(14228828, 1)
(14234483, 1)
(14235486, 2)
(14236825, 1)
(14250610, 1)
(14252320, 1)
(14252441, 1)
(14254571, 1)
(14254720, 1)
(14255198, 1)
(14255751, 1)
(14256239, 1)
(14257324, 1)
(14257405, 1)
(14257970, 1)
(14285721, 2)
(14291012, 1)
(14294370, 1)
(14294717, 1)
(14295743, 2)
(14295843, 1)
(14296540, 1)
(14298394, 1)
(14299957, 1)
(14302405, 1)
(14305799, 1)
(14306007, 1)
(14311185, 1)
(14312026, 1)
(14312151, 1)
(14315449, 1)
(14336374, 1)
(14337572, 1)
(14337990, 1)
(14339413, 1)
(14341919, 1)
(14345551, 1)
(14346916, 1)
(14348377, 1)
(14348754, 1)
(14349196, 1)
(14351260, 1)
(14382837, 1)
(14385021, 1)
(14386346, 1)
(14386566, 1)
(14388304, 1)
(14388363, 1)
(14388644, 1)
(14406663, 1)
(14409269, 1)
(14409556, 1)
(14409858, 1)
(14410370, 1)
(14439883, 1)
(14440314, 1)
(14441519, 1)
(14441720, 1)
(14442278, 1)
(14442685, 1)
(14442751, 1)
(14443153, 1)
(14443234, 1)
(14443882, 1)
(14444221, 1)
(14445087, 1)
(14500175, 1)
(14502365, 1)
(14503915, 1)
(14590241, 1)
(14590508, 1)
(14595392, 1)
(14601094, 1)
(14631279, 1)
(14639377, 1)
(14639539, 1)
(14650529, 2)
(14705914, 1)
(14706871, 1)
(14708271, 1)
(14708423, 1)
(14709676, 1)
(14710907, 1)
(14711772, 1)
(14712820, 1)
(14731815, 1)
(14747593, 1)
(14768278, 1)
(14768420, 1)
(14819266, 1)
(14819445, 1)
(14854476, 1)
(14855632, 1)
(14856277, 1)
(14857380, 1)
(14857670, 1)
(14867585, 2)
(14879375, 1)
(14897102, 2)
(14899402, 1)
(14906060, 1)
(14907580, 1)
(14907703, 1)
(14909154, 1)
(14929805, 1)
(14929930, 1)
(14931746, 1)
(14932063, 1)
(14932198, 1)
(14932862, 1)
(14933234, 1)
(14933487, 1)
(14934116, 1)
(14935671, 1)
(14956595, 1)
(14957712, 1)
(14978625, 1)
(14978812, 1)
(14979107, 1)
(14979289, 1)
(14979397, 1)
(14979660, 1)
(14979724, 1)
(14980255, 1)
(14980352, 1)
(14980400, 2)
(14980902, 1)
(14981372, 1)
(14981514, 1)
(14981577, 1)
(14982288, 1)
(14982619, 1)
(14982935, 1)
(14985229, 1)
(15025772, 1)
(15027020, 1)
(15065502, 2)
(15093575, 2)
(15104203, 1)
(15131598, 2)
(15133108, 1)
(15134512, 1)
(15134578, 1)
(15135309, 1)
(15135442, 1)
(15138089, 1)
(15151015, 1)
(15157220, 2)
(15157497, 1)
(15161691, 1)
(15161984, 1)
(15169281, 1)
(15202214, 2)
(15255849, 1)
(15260031, 2)
(15270960, 1)
(15281999, 1)
(15310742, 1)
(15311702, 1)
(15311890, 1)
(15313068, 1)
(15330492, 1)
(15332040, 1)
(15386511, 1)
(15387010, 1)
(15424024, 1)
(15462318, 1)
(15464442, 1)
(15529106, 1)
(15545493, 2)
(15553512, 1)
(15562233, 1)
(15564747, 1)
(15564888, 1)
(15565318, 1)
(15565450, 1)
(15569665, 1)
(15570458, 1)
(15582431, 1)
(15583096, 1)
(15590599, 1)
(15610649, 1)
(15632438, 1)
(15632649, 1)
(15635108, 1)
(15635587, 1)
(15636401, 1)
(15636951, 1)
(15637817, 1)
(15642275, 1)
(15645605, 1)
(15650060, 1)
(15654274, 1)
(15656916, 1)
(15692070, 1)
(15702122, 1)
(15704680, 1)
(15704747, 1)
(15705737, 1)
(15707070, 1)
(15725360, 2)
(15735831, 1)
(15744211, 1)
(15746131, 1)
(15746588, 1)
(15747146, 1)
(15747429, 1)
(15748230, 1)
(15748358, 1)
(15748576, 1)
(15750102, 1)
(15750916, 1)
(15753074, 1)
(15754125, 1)
(15754342, 1)
(15754680, 1)
(15754895, 1)
(15754966, 1)
(15755985, 1)
(15756673, 1)
(15757979, 1)
(15761310, 1)
(15762018, 2)
(15819475, 1)
(15824128, 1)
(15827645, 1)
(15836665, 1)
(15839461, 1)
(15908206, 1)
(15908300, 1)
(15931723, 2)
(15947587, 1)
(15973614, 1)
(16005765, 1)
(16044235, 1)
(16045372, 1)
(16046823, 2)
(16052481, 2)
(16094381, 1)
(16116968, 1)
(16137242, 1)
(16138649, 1)
(16139164, 1)
(16139793, 1)
(16142686, 1)
(16142859, 1)
(16179571, 2)
(16183950, 1)
(16184234, 2)
(16187526, 1)
(16187827, 1)
(16195241, 1)
(16209897, 2)
(16213881, 1)
(16214123, 1)
(16214749, 1)
(16216601, 1)
(16216932, 1)
(16219483, 1)
(16222870, 1)
(16228458, 1)
(16257248, 1)
(16258649, 1)
(16258946, 1)
(16259464, 1)
(16259684, 1)
(16294331, 1)
(16295330, 1)
(16295496, 1)
(16296192, 1)
(16304898, 1)
(16305292, 1)
(16305488, 1)
(16310771, 1)
(16318703, 1)
(16335550, 1)
(16338054, 1)
(16338840, 1)
(16339884, 1)
(16418162, 1)
(16419649, 2)
(16420210, 1)
(16422631, 1)
(16428588, 2)
(16432982, 1)
(16433571, 1)
(16434178, 1)
(16435920, 1)
(16438504, 1)
(16476842, 1)
(16479773, 1)
(16481844, 2)
(16488736, 1)
(16488893, 1)
(16489948, 1)
(16490153, 1)
(16490254, 1)
(16490343, 1)
(16490926, 1)
(16491664, 1)
(16492046, 1)
(16492181, 1)
(16492341, 1)
(16492513, 1)
(16492837, 1)
(16492899, 1)
(16493965, 1)
(16494691, 1)
(16495200, 1)
(16517221, 1)
(16540283, 1)
(16540639, 1)
(16540761, 1)
(16541396, 1)
(16544058, 1)
(16544532, 1)
(16545640, 1)
(16560723, 2)
(16560894, 1)
(16591944, 2)
(16607712, 1)
(16610154, 1)
(16610903, 1)
(16616838, 1)
(16643116, 1)
(16652614, 2)
(16655753, 2)
(16662389, 2)
(16667697, 1)
(16668246, 1)
(16671960, 1)
(16676108, 2)
(16676906, 1)
(16677632, 1)
(16678352, 1)
(16679197, 1)
(16680941, 1)
(16681116, 1)
(16681209, 1)
(16681913, 1)
(16703109, 2)
(16703441, 1)
(16704067, 1)
(16704573, 1)
(16704964, 1)
(16707932, 1)
(16740309, 2)
(16745605, 1)
(16751118, 2)
(16773958, 1)
(16775184, 1)
(16779640, 1)
(16781615, 1)
(16783307, 1)
(16784575, 1)
(16785422, 2)
(16817933, 1)
(16819436, 1)
(16820164, 1)
(16821272, 1)
(16849224, 2)
(16855745, 1)
(16857794, 1)
(16857863, 1)
(16858227, 1)
(16859851, 1)
(16861655, 1)
(16874046, 2)
(16879619, 1)
(16881551, 1)
(16881856, 2)
(16884282, 1)
(16898652, 1)
(16905671, 1)
(16906426, 1)
(16908054, 1)
(16911624, 1)
(16913468, 1)
(16915064, 2)
(16915396, 1)
(16915570, 1)
(16915871, 1)
(16916065, 1)
(16916776, 1)
(16916836, 1)
(16916928, 1)
(16923800, 1)
(16926238, 1)
(16927536, 1)
(16929250, 1)
(16930231, 1)
(16931424, 1)
(16957831, 1)
(16957927, 1)
(16969447, 1)
(16995283, 2)
(16999949, 1)
(17001062, 1)
(17003426, 1)
(17007423, 2)
(17016936, 1)
(17019176, 1)
(17020805, 1)
(17020906, 1)
(17022070, 1)
(17022208, 1)
(17022677, 1)
(17025744, 1)
(17026339, 1)
(17027037, 1)
(17027770, 1)
(17028956, 1)
(17033387, 1)
(17033887, 1)
(17038114, 1)
(17038181, 1)
(17072830, 1)
(17072913, 1)
(17073243, 1)
(17073787, 1)
(17074629, 1)
(17074913, 1)
(17075449, 1)
(17075568, 1)
(17076671, 1)
(17076926, 1)
(17077358, 1)
(17077432, 1)
(17077535, 2)
(17078100, 1)
(17078200, 1)
(17078915, 1)
(17079593, 1)
(17079933, 1)
(17080179, 1)
(17081632, 1)
(17088414, 1)
(17089502, 1)
(17090427, 1)
(17098016, 1)
(17098332, 1)
(17098545, 1)
(17100705, 1)
(17102944, 1)
(17113411, 2)
(17120784, 1)
(17139424, 1)
(17142856, 1)
(17143706, 1)
(17144955, 1)
(17146520, 1)
(17147659, 1)
(17165255, 1)
(17165792, 1)
(17166223, 1)
(17166312, 1)
(17166917, 1)
(17167449, 1)
(17168325, 1)
(17168814, 1)
(17170378, 1)
(17172577, 2)
(17186663, 1)
(17214581, 2)
(17219846, 1)
(17220294, 1)
(17220474, 1)
(17240112, 1)
(17240736, 1)
(17241049, 1)
(17241545, 1)
(17241918, 1)
(17242325, 1)
(17243026, 1)
(17243737, 1)
(17245682, 1)
(17245798, 1)
(17247955, 1)
(17248305, 1)
(17249230, 1)
(17263538, 1)
(17266084, 1)
(17269204, 2)
(17269470, 1)
(17269635, 1)
(17270737, 1)
(17313950, 2)
(17353141, 2)
(17381092, 2)
(17424446, 2)
(17434469, 2)
(17439975, 2)
(17441454, 2)
(17441998, 1)
(17443647, 1)
(17443708, 1)
(17443824, 1)
(17445170, 1)
(17445421, 1)
(17446076, 1)
(17447209, 1)
(17447903, 1)
(17448045, 1)
(17448160, 1)
(17450245, 1)
(17450465, 1)
(17511113, 1)
(17512358, 1)
(17516996, 1)
(17517348, 1)
(17518652, 1)
(17520985, 1)
(17521230, 1)
(17532435, 1)
(17576231, 2)
(17581659, 2)
(17608817, 1)
(17628266, 1)
(17641922, 2)
(17642447, 2)
(17648483, 2)
(17663070, 1)
(17663305, 1)
(17663419, 1)
(17664832, 1)
(17665010, 1)
(17665857, 1)
(17666901, 1)
(17667969, 1)
(17668355, 1)
(17668429, 1)
(17671746, 1)
(17673428, 1)
(17701385, 1)
(17714513, 1)
(17714785, 1)
(17714997, 1)
(17720089, 1)
(17720355, 2)
(17720695, 1)
(17722918, 1)
(17725494, 1)
(17728687, 1)
(17734616, 1)
(17734799, 1)
(17749458, 1)
(17758793, 1)
(17770665, 1)
(17780207, 1)
(17783517, 1)
(17817255, 1)
(17817674, 1)
(17821031, 1)
(17821208, 1)
(17821602, 1)
(17825116, 1)
(17828711, 1)
(17830013, 1)
(17830185, 1)
(17832118, 1)
(17834700, 1)
(17850896, 1)
(17851603, 1)
(17851748, 1)
(17851925, 1)
(17852062, 1)
(17853159, 1)
(17854426, 1)
(17859036, 1)
(17859637, 1)
(17860565, 1)
(17863179, 1)
(17864858, 1)
(17878390, 1)
(17903268, 2)
(17977823, 2)
(18007942, 2)
(18022589, 1)
(18022768, 1)
(18023272, 1)
(18023636, 2)
(18023752, 1)
(18027305, 1)
(18032952, 1)
(18037366, 1)
(18052443, 2)
(18056114, 1)
(18058708, 1)
(18113539, 1)
(18155141, 1)
(18180122, 1)
(18180270, 1)
(18180736, 1)
(18181324, 1)
(18181494, 1)
(18183510, 1)
(18183894, 1)
(18184050, 1)
(18186207, 1)
(18189199, 1)
(18189494, 1)
(18190865, 1)
(18191072, 1)
(18192359, 1)
(18192539, 1)
(18247507, 1)
(18249737, 1)
(18251485, 1)
(18253084, 1)
(18253226, 1)
(18253556, 1)
(18256740, 1)
(18261231, 1)
(18275430, 1)
(18275639, 1)
(18322044, 1)
(18323841, 1)
(18325133, 1)
(18340717, 1)
(18342710, 1)
(18342949, 1)
(18343370, 1)
(18344263, 1)
(18344676, 1)
(18344972, 1)
(18345593, 1)
(18386642, 1)
(18391967, 2)
(18395655, 2)
(18396574, 2)
(18399256, 1)
(18401141, 2)
(18406712, 1)
(18414261, 1)
(18449897, 1)
(18450082, 1)
(18452042, 2)
(18453725, 1)
(18454127, 1)
(18454761, 1)
(18456246, 1)
(18456781, 1)
(18456903, 1)
(18457205, 1)
(18466531, 1)
(18486131, 1)
(18486617, 1)
(18487749, 1)
(18488127, 1)
(18490559, 1)
(18493311, 1)
(18531040, 1)
(18531438, 1)
(18533946, 1)
(18534478, 1)
(18551754, 1)
(18552219, 1)
(18552410, 1)
(18589004, 2)
(18592535, 1)
(18592767, 1)
(18594065, 1)
(18598991, 1)
(18614379, 1)
(18640057, 2)
(18649063, 1)
(18679752, 2)
(18739944, 1)
(18771101, 2)
(18801070, 1)
(18847062, 2)
(18853784, 2)
(18858411, 2)
(18860498, 1)
(18860690, 1)
(18861103, 1)
(18861631, 1)
(18862466, 1)
(18862989, 1)
(18879254, 2)
(18885978, 2)
(18911994, 1)
(18929732, 1)
(18929807, 1)
(18930257, 1)
(18930406, 1)
(18930668, 1)
(18931000, 1)
(18931196, 1)
(18933860, 2)
(18937629, 1)
(18954328, 2)
(18962752, 1)
(18963047, 1)
(18963677, 1)
(18963885, 1)
(18964128, 1)
(18964429, 1)
(18965782, 1)
(18966949, 1)
(18967747, 1)
(18968163, 1)
(18969355, 1)
(18970148, 1)
(18970280, 1)
(18971662, 1)
(18971943, 1)
(18974345, 1)
(18976089, 1)
(19014807, 2)
(19027779, 1)
(19029213, 2)
(19031866, 1)
(19032534, 1)
(19032747, 1)
(19055711, 1)
(19057290, 1)
(19059009, 1)
(19088183, 1)
(19089113, 1)
(19089878, 1)
(19090244, 1)
(19091937, 1)
(19092159, 1)
(19092724, 1)
(19093857, 2)
(19094743, 1)
(19096885, 1)
(19097106, 1)
(19137469, 1)
(19174933, 1)
(19176883, 1)
(19178862, 1)
(19179773, 1)
(19180885, 1)
(19181189, 1)
(19198669, 1)
(19201365, 1)
(19204491, 1)
(19206555, 1)
(19212373, 1)
(19218919, 1)
(19219014, 1)
(19222974, 1)
(19227989, 1)
(19228423, 2)
(19231003, 2)
(19235423, 1)
(19235673, 2)
(19245431, 1)
(19247746, 2)
(19253133, 1)
(19254634, 1)
(19255422, 1)
(19287006, 1)
(19323312, 1)
(19323672, 1)
(19323951, 1)
(19329353, 1)
(19329801, 1)
(19366782, 1)
(19367863, 1)
(19368128, 1)
(19414063, 2)
(19419785, 2)
(19427487, 1)
(19427705, 1)
(19429885, 1)
(19431407, 1)
(19442742, 1)
(19460874, 1)
(19464849, 1)
(19469927, 1)
(19470835, 1)
(19471163, 1)
(19518102, 2)
(19522291, 2)
(19525579, 1)
(19531806, 2)
(19534125, 1)
(19535527, 2)
(19539552, 2)
(19543082, 1)
(19547469, 1)
(19550044, 1)
(19550191, 1)
(19551309, 1)
(19551439, 1)
(19551498, 1)
(19552067, 1)
(19553382, 1)
(19553567, 1)
(19553888, 1)
(19555667, 1)
(19555840, 1)
(19556010, 1)
(19557172, 1)
(19559274, 1)
(19577152, 1)
(19577429, 1)
(19577659, 1)
(19588863, 1)
(19589876, 1)
(19590138, 1)
(19621559, 1)
(19622717, 1)
(19623016, 1)
(19623338, 1)
(19623673, 1)
(19624195, 1)
(19625007, 1)
(19625608, 1)
(19626343, 1)
(19626774, 1)
(19627691, 1)
(19627849, 1)
(19628156, 1)
(19628963, 1)
(19629990, 1)
(19630378, 1)
(19661267, 1)
(19661356, 1)
(19661483, 1)
(19670326, 1)
(19670708, 1)
(19681604, 1)
(19689815, 1)
(19692531, 1)
(19692799, 1)
(19693652, 1)
(19694269, 1)
(19698197, 1)
(19700883, 1)
(19703060, 1)
(19703499, 1)
(19780105, 1)
(19784056, 1)
(19785914, 1)
(19786331, 1)
(19789358, 1)
(19790287, 1)
(19794481, 2)
(19799059, 1)
(19799238, 1)
(19802955, 1)
(19817404, 1)
(19825774, 2)
(19870789, 1)
(19872446, 1)
(19872555, 1)
(19915209, 1)
(19934635, 1)
(19935688, 2)
(19937293, 1)
(19938239, 1)
(19938875, 1)
(19939459, 1)
(19968041, 1)
(19969738, 1)
(19973766, 1)
(19996962, 1)
(19997344, 1)
(19997622, 1)
(19998400, 1)
(19998900, 1)
(19999728, 1)
(19999918, 1)
(20001395, 1)
(20028252, 1)
(20031411, 1)
(20057894, 2)
(20061644, 1)
(20063334, 1)
(20072860, 1)
(20074625, 1)
(20075084, 1)
(20076632, 1)
(20077324, 1)
(20077949, 1)
(20078059, 1)
(20082738, 1)
(20086398, 2)
(20092255, 2)
(20094145, 2)
(20114300, 1)
(20114370, 1)
(20117665, 1)
(20119075, 2)
(20119411, 2)
(20120160, 1)
(20125163, 1)
(20125524, 1)
(20138394, 1)
(20140983, 1)
(20142342, 1)
(20143190, 1)
(20145074, 1)
(20145385, 1)
(20147453, 1)
(20149527, 1)
(20151990, 1)
(20152419, 1)
(20153228, 1)
(20155250, 1)
(20155695, 1)
(20161813, 2)
(20171913, 2)
(20186534, 2)
(20195437, 1)
(20202312, 1)
(20202612, 1)
(20202874, 1)
(20203122, 1)
(20221445, 1)
(20221514, 1)
(20221577, 1)
(20221699, 1)
(20226585, 1)
(20227543, 1)
(20227953, 1)
(20240150, 1)
(20241341, 1)
(20242497, 1)
(20242879, 1)
(20243099, 1)
(20244044, 1)
(20262254, 2)
(20262549, 1)
(20262663, 1)
(20262950, 1)
(20300049, 2)
(20309418, 1)
(20312119, 1)
(20312429, 1)
(20314400, 1)
(20335389, 1)
(20342461, 2)
(20357929, 1)
(20358358, 1)
(20358748, 1)
(20361111, 1)
(20425781, 1)
(20425926, 1)
(20426412, 1)
(20427454, 1)
(20435046, 1)
(20450743, 1)
(20460028, 1)
(20463048, 2)
(20494600, 1)
(20495650, 1)
(20502978, 1)
(20505461, 1)
(20540958, 2)
(20543124, 1)
(20545250, 2)
(20552620, 2)
(20563006, 1)
(20581587, 1)
(20585515, 1)
(20585907, 1)
(20594719, 1)
(20595021, 1)
(20600292, 1)
(20613624, 1)
(20618987, 1)
(20640713, 2)
(20666448, 1)
(20674437, 2)
(20681672, 1)
(20704104, 1)
(20705664, 1)
(20734221, 2)
(20744610, 2)
(20753606, 1)
(20753643, 2)
(20791163, 1)
(20793177, 1)
(20794435, 2)
(20797976, 2)
(20801723, 2)
(20821275, 1)
(20850590, 2)
(20868235, 1)
(20871094, 2)
(20875195, 2)
(20899760, 1)
(20901069, 1)
(20901913, 1)
(20903631, 1)
(20911268, 2)
(20916879, 2)
(20922188, 2)
(20942168, 1)
(20945294, 1)
(20946186, 2)
(20949636, 1)
(20949783, 1)
(20951382, 1)
(20956200, 1)
(20963925, 1)
(20968186, 1)
(20970157, 1)
(20971037, 1)
(20971563, 2)
(20972436, 1)
(20972890, 1)
(20975082, 1)
(20976474, 1)
(20977095, 1)
(20978331, 1)
(20978515, 1)
(21010470, 2)
(21042493, 1)
(21062879, 1)
(21065379, 1)
(21068286, 1)
(21069552, 1)
(21070082, 1)
(21071517, 1)
(21071664, 1)
(21071854, 1)
(21073726, 1)
(21073800, 1)
(21080090, 1)
(21080982, 1)
(21094059, 1)
(21113417, 2)
(21125440, 1)
(21125883, 1)
(21126640, 1)
(21128766, 1)
(21129544, 1)
(21131625, 1)
(21132131, 1)
(21159709, 2)
(21165655, 1)
(21169579, 2)
(21173873, 1)
(21192865, 1)
(21200528, 1)
(21202736, 1)
(21203113, 1)
(21206196, 1)
(21223386, 1)
(21224621, 1)
(21226255, 1)
(21229471, 1)
(21233722, 1)
(21238520, 1)
(21239101, 1)
(21239554, 1)
(21240016, 1)
(21240281, 1)
(21240527, 1)
(21240949, 1)
(21241122, 1)
(21241316, 1)
(21241586, 1)
(21242353, 1)
(21242705, 1)
(21243069, 1)
(21243311, 1)
(21243867, 1)
(21243974, 1)
(21244979, 1)
(21245621, 1)
(21247463, 1)
(21249346, 1)
(21249397, 1)
(21250297, 1)
(21253130, 1)
(21254186, 1)
(21254640, 1)
(21255066, 1)
(21255443, 1)
(21258956, 1)
(21273477, 1)
(21316349, 2)
(21320283, 1)
(21322250, 1)
(21323100, 1)
(21323246, 1)
(21323360, 1)
(21323594, 1)
(21324537, 1)
(21324690, 1)
(21326969, 1)
(21332458, 1)
(21334047, 1)
(21336905, 1)
(21338096, 1)
(21340272, 1)
(21346846, 1)
(21348361, 1)
(21349870, 1)
(21358493, 1)
(21378851, 2)
(21391251, 2)
(21399983, 2)
(21406711, 2)
(21421076, 2)
(21431038, 2)
(21440225, 1)
(21442338, 1)
(21446933, 1)
(21448587, 1)
(21457792, 1)
(21466897, 1)
(21472829, 2)
(21477138, 2)
(21482608, 1)
(21483186, 2)
(21486335, 1)
(21486420, 1)
(21486765, 1)
(21487176, 1)
(21487294, 1)
(21487458, 1)
(21490394, 1)
(21493520, 1)
(21494048, 1)
(21494286, 1)
(21495567, 1)
(21496023, 1)
(21500211, 2)
(21506939, 2)
(21507211, 1)
(21507267, 1)
(21507477, 1)
(21508365, 1)
(21508540, 1)
(21508904, 1)
(21509631, 1)
(21509738, 1)
(21511481, 1)
(21512239, 1)
(21551160, 2)
(21552286, 1)
(21564261, 2)
(21568819, 1)
(21574800, 1)
(21628783, 1)
(21630475, 1)
(21636355, 1)
(21650752, 1)
(21650915, 1)
(21651081, 1)
(21651464, 1)
(21651972, 1)
(21652486, 1)
(21652784, 1)
(21653203, 1)
(21659255, 1)
(21662374, 1)
(21674772, 1)
(21676545, 1)
(21683757, 1)
(21704499, 2)
(21713430, 2)
(21718344, 2)
(21718563, 2)
(21737877, 1)
(21739890, 1)
(21740203, 1)
(21741164, 1)
(21741572, 1)
(21741905, 1)
(21742929, 1)
(21743037, 1)
(21763205, 2)
(21790777, 2)
(21796149, 1)
(21812119, 2)
(21815171, 1)
(21816098, 2)
(21818711, 1)
(21818999, 1)
(21877361, 1)
(21877802, 1)
(21893717, 1)
(21902874, 1)
(21907472, 1)
(21923358, 1)
(21924235, 2)
(21930648, 2)
(21945787, 2)
(21948424, 1)
(21948812, 1)
(21949022, 1)
(21949244, 1)
(21949416, 1)
(21949799, 1)
(21950693, 1)
(21951678, 1)
(21952113, 1)
(21952714, 1)
(21953653, 1)
(21953812, 1)
(21955770, 1)
(21957617, 1)
(21973928, 1)
(21976032, 1)
(21976563, 1)
(21977042, 1)
(21977102, 1)
(21977978, 1)
(21978505, 1)
(21979037, 1)
(21979356, 1)
(21979878, 1)
(21980518, 1)
(21985488, 1)
(22017269, 1)
(22017752, 1)
(22019206, 1)
(22019497, 1)
(22020503, 1)
(22020826, 1)
(22023981, 1)
(22025393, 1)
(22026465, 1)
(22026805, 1)
(22027775, 1)
(22035834, 1)
(22109496, 1)
(22109820, 2)
(22119063, 2)
(22124326, 1)
(22134225, 2)
(22138836, 1)
(22141152, 1)
(22143456, 1)
(22151587, 2)
(22176203, 2)
(22178032, 1)
(22182945, 1)
(22183108, 1)
(22185727, 1)
(22190057, 1)
(22191462, 1)
(22192633, 1)
(22194851, 1)
(22201994, 1)
(22202153, 1)
(22210520, 2)
(22212730, 1)
(22213916, 1)
(22214804, 1)
(22215025, 1)
(22215723, 1)
(22216010, 1)
(22216344, 1)
(22217340, 1)
(22217507, 1)
(22217878, 1)
(22218050, 1)
(22218421, 1)
(22219936, 1)
(22220535, 1)
(22221285, 1)
(22222337, 1)
(22222596, 2)
(22235996, 2)
(22238901, 2)
(22241763, 2)
(22241816, 1)
(22241914, 1)
(22242173, 1)
(22242858, 1)
(22243173, 1)
(22243649, 1)
(22244254, 1)
(22244423, 1)
(22244599, 1)
(22245033, 1)
(22245496, 1)
(22246450, 1)
(22247968, 1)
(22248478, 1)
(22250451, 1)
(22250727, 1)
(22250792, 1)
(22252030, 1)
(22252788, 1)
(22253003, 1)
(22253763, 1)
(22253878, 1)
(22255421, 1)
(22258548, 1)
(22258834, 1)
(22297907, 1)
(22298657, 1)
(22303422, 1)
(22309277, 1)
(22313466, 1)
(22315779, 1)
(22316152, 1)
(22318357, 1)
(22320258, 1)
(22324060, 1)
(22329012, 1)
